tRNAscanID                                             	 Anticodon_predicted_isotype	 Ala  	 Arg  	 Asn 	 Asp  	 Cys 	 Gln 	 Glu 	 Gly  	 His 	 Ile  	 Ile2 	 Leu  	 Lys  	 Met  	 Phe  	 Pro  	 SeC  	 Ser  	 Thr  	 Trp 	 Tyr  	 Val  	 fMet
C000001|AE000657|Aquificota|Aquifex.trna1              	 Ser                        	 25.4 	  55.4	 37.3	 45.1 	 68.1	 46.7	 50.6	 39.2 	 33.7	 49.6 	  64.2	  57.6	  46.9	 43.6 	  52.0	  39.1	 14.0 	 106.1	  43.0	 40.6	 80.4 	 32.6 	 18.6
C000002|AE000657|Aquificota|Aquifex.trna1              	 Leu                        	 40.6 	  53.3	 10.6	 13.1 	 51.4	 44.1	 23.6	 51.9 	 41.7	 32.7 	  34.9	 103.8	  35.4	 38.0 	  43.5	  31.5	 -15.6	 49.5 	  50.2	 39.3	 41.8 	 17.9 	 5.6
C000003|AE000657|Aquificota|Aquifex.trna1              	 Gly                        	 98.5 	  92.3	 67.1	 77.7 	 71.0	 60.6	 48.3	 102.0	 88.8	 79.1 	  65.3	  64.0	  87.1	 79.9 	  82.1	  83.1	 -11.5	 41.9 	  96.8	 70.6	 42.0 	 93.5 	 48.1
C000004|AE000657|Aquificota|Aquifex.trna1              	 Cys                        	 51.2 	  56.5	 50.4	 23.2 	 94.6	 44.8	 52.7	 48.1 	 46.4	 35.6 	  67.1	  60.9	  42.7	 71.3 	  69.4	  36.8	 4.7  	 64.9 	  62.9	 41.7	 69.5 	 -999 	 17.4
C000005|AE000657|Aquificota|Aquifex.trna1              	 Met                        	 87.1 	  84.8	 78.4	 61.3 	 65.3	 53.7	 41.0	 74.9 	 58.8	 88.2 	  82.1	  59.7	  79.7	 103.2	  85.4	  74.8	 -5.6 	 35.8 	  76.9	 66.5	 40.2 	 82.3 	 63.5
C000006|AE000657|Aquificota|Aquifex.trna1              	 Pro                        	 90.2 	  73.3	 58.4	 36.3 	 56.2	 58.7	 33.2	 67.6 	 83.2	 68.6 	  63.1	  56.7	  61.7	 68.6 	  70.7	 101.3	 -10.2	 15.9 	  76.8	 49.2	 26.7 	 73.9 	 38.1
C000007|AE000657|Aquificota|Aquifex.trna1              	 SeC                        	 -4.3 	  29.7	 -2.8	 -999 	 34.0	  5.1	 10.3	 -999 	 2.8 	 -1.4 	  31.5	  21.6	  20.9	 13.2 	  18.2	   6.0	 118.7	 50.2 	   9.5	 14.8	 32.4 	 5.4  	 -999
C000008|AE000657|Aquificota|Aquifex.trna1              	 fMet                       	 47.5 	  70.3	 62.9	 68.7 	 60.8	 65.2	 50.1	 57.8 	 46.9	 61.1 	  72.8	  54.1	  68.4	 75.3 	  66.6	  86.8	 -12.4	 33.7 	  63.5	 44.2	 46.8 	 55.6 	 129.2
C000009|AE000657|Aquificota|Aquifex.trna1              	 Ser                        	 9.8  	  44.8	 24.1	 26.1 	 69.0	 41.9	 37.8	 21.7 	 30.2	 31.5 	  57.4	  55.5	  41.6	 26.9 	  46.0	  10.4	 -8.1 	 84.7 	  25.6	 38.7	 69.5 	 9.8  	 16.7
C000010|AE000657|Aquificota|Aquifex.trna1              	 Asn                        	 54.1 	  77.7	 95.2	 31.8 	 58.9	 69.7	 40.5	 54.0 	 53.1	 69.0 	  79.5	  67.1	  77.7	 78.4 	  74.4	  43.4	 -17.0	 19.0 	  72.5	 62.9	 51.9 	 64.2 	 37.4
C000011|AE000657|Aquificota|Aquifex.trna1              	 Ile                        	 82.3 	  87.8	 71.9	 59.3 	 58.8	 51.4	 51.9	 70.2 	 60.8	 96.7 	  88.9	  46.7	  82.3	 81.4 	  80.4	  70.9	 -999 	 22.0 	  75.0	 62.2	 34.2 	 87.5 	 7.5
C000012|AE000657|Aquificota|Aquifex.trna1              	 Ala                        	 106.9	  79.3	 67.9	 60.4 	 47.1	 66.1	 49.1	 75.3 	 72.1	 81.7 	  61.8	  46.4	  83.4	 69.9 	  80.5	  86.9	 -999 	 43.6 	  85.3	 66.9	 37.5 	 97.3 	 37.5
C000013|AE000657|Aquificota|Aquifex.trna1              	 Arg                        	 89.5 	 101.6	 75.4	 61.8 	 67.4	 58.9	 56.6	 60.2 	 74.0	 90.7 	  92.4	  66.7	  94.3	 94.4 	  97.0	  75.1	 -14.5	 35.3 	  84.3	 73.9	 54.7 	 91.1 	 21.8
C000014|AE000657|Aquificota|Aquifex.trna1              	 His                        	 80.0 	  82.4	 75.6	 72.5 	 65.5	 56.3	 25.8	 79.2 	 95.7	 70.5 	  81.8	  66.5	  78.1	 80.2 	  88.1	  79.3	 -9.3 	 31.2 	  68.9	 67.7	 48.9 	 71.1 	 24.8
C000015|AE000657|Aquificota|Aquifex.trna1              	 Thr                        	 70.5 	  76.6	 65.1	 40.2 	 68.9	 61.4	 55.6	 80.8 	 81.3	 63.1 	  59.5	  64.0	  78.1	 80.8 	  76.2	  58.6	 -7.6 	 37.5 	  85.4	 68.7	 45.2 	 67.1 	 34.1
C000016|AE000657|Aquificota|Aquifex.trna1              	 Tyr                        	 27.6 	  55.7	 40.6	 32.4 	 69.3	 62.2	 43.2	 33.7 	 41.9	 46.5 	  70.9	  70.9	  48.2	 50.9 	  57.2	  36.4	 -15.0	 89.1 	  44.8	 53.2	 105.6	 24.9 	 20.8
C000017|AE000657|Aquificota|Aquifex.trna1              	 Gly                        	 98.9 	  99.2	 87.2	 90.7 	 82.7	 61.7	 52.0	 108.5	 90.1	 86.6 	  89.0	  70.5	  97.9	 91.2 	  94.4	  85.3	 0.5  	 45.5 	 102.0	 85.9	 49.6 	 97.5 	 65.4
C000018|AE000657|Aquificota|Aquifex.trna1              	 Thr                        	 79.2 	  82.7	 71.5	 67.9 	 73.2	 44.4	 59.0	 86.5 	 65.1	 91.3 	  58.3	  63.3	  79.4	 80.8 	  85.7	  67.9	 -999 	 32.2 	  92.7	 49.3	 15.8 	 89.0 	 7.5
C000019|AE000657|Aquificota|Aquifex.trna1              	 Trp                        	 76.1 	  83.1	 73.4	 61.9 	 60.6	 68.3	 49.9	 69.6 	 77.8	 86.2 	  82.8	  70.0	  84.7	 68.6 	  74.8	  62.7	 12.4 	 43.7 	  74.9	 82.5	 49.9 	 71.5 	 12.1
C000020|AE000657|Aquificota|Aquifex.trna1              	 Pro                        	 85.4 	  80.1	 58.3	 48.8 	 58.5	 61.0	 37.4	 73.9 	 82.9	 88.0 	  64.9	  54.5	  70.9	 80.5 	  79.6	  93.8	 -999 	 26.6 	  81.4	 68.8	 38.6 	 80.8 	 39.6
C000021|AE000657|Aquificota|Aquifex.trna1              	 Ala                        	 99.8 	  67.2	 52.9	 48.1 	 40.1	 48.7	 38.2	 53.0 	 58.5	 65.1 	  51.4	  35.1	  69.5	 63.4 	  70.7	  72.8	 -16.5	 26.4 	  64.3	 43.2	 15.5 	 89.2 	 33.2
C000022|AE000657|Aquificota|Aquifex.trna1              	 Lys                        	 94.7 	 100.2	 96.7	 89.7 	 81.6	 63.2	 64.9	 84.5 	 81.5	 95.4 	 100.7	  71.1	 110.4	 85.6 	 101.7	  84.1	 -16.9	 42.6 	  82.2	 83.0	 53.4 	 97.7 	 43.6
C000023|AE000657|Aquificota|Aquifex.trna1              	 Glu                        	 35.0 	  66.6	 36.5	 58.2 	 58.1	 62.8	 93.2	 35.9 	 35.8	 51.5 	  37.4	  43.6	  50.0	 43.0 	  47.5	  29.1	 -999 	 36.8 	  44.5	 40.8	 40.2 	 15.3 	 2.6
C000024|AE000657|Aquificota|Aquifex.trna1              	 Val                        	 93.5 	  91.8	 78.8	 77.7 	 71.0	 70.2	 54.3	 67.7 	 63.1	 99.7 	  86.9	  62.3	  94.4	 83.1 	  91.8	  84.3	 -999 	 45.1 	  81.5	 76.6	 49.8 	 106.6	 42.4
C000025|AE000657|Aquificota|Aquifex.trna1              	 Asp                        	 81.6 	  89.4	 80.8	 111.8	 74.5	 55.0	 66.7	 77.5 	 70.6	 90.5 	  82.0	  57.2	  83.1	 81.1 	  80.3	  82.9	 -4.1 	 62.2 	  76.4	 74.6	 55.6 	 83.8 	 73.2
C000026|AE000657|Aquificota|Aquifex.trna1              	 Arg                        	 77.4 	  93.3	 65.1	 63.2 	 58.0	 67.7	 42.3	 62.6 	 74.3	 84.3 	  87.7	  67.4	  73.9	 74.1 	  77.9	  75.4	 -7.1 	 29.8 	  63.1	 74.8	 39.7 	 62.4 	 22.9
C000027|AE000657|Aquificota|Aquifex.trna1              	 Lys                        	 78.4 	  79.5	 87.4	 52.7 	 71.7	 61.6	 48.2	 69.6 	 67.4	 80.2 	  88.9	  68.7	  98.6	 78.3 	  84.8	  54.7	 -999 	 34.1 	  77.5	 78.9	 55.7 	 74.5 	 29.7
C000028|AE000657|Aquificota|Aquifex.trna1              	 Ser                        	 20.9 	  51.8	 24.2	 37.6 	 74.5	 45.7	 34.4	 29.2 	 34.0	 43.5 	  54.6	  62.4	  49.6	 33.5 	  56.0	  31.6	 26.1 	 106.5	  40.8	 43.7	 84.0 	 24.4 	 16.1
C000029|AE000657|Aquificota|Aquifex.trna1              	 Pro                        	 84.6 	  78.2	 51.3	 52.6 	 59.1	 60.7	 38.0	 73.3 	 85.9	 81.1 	  55.6	  60.3	  63.9	 69.5 	  72.4	  95.3	 -14.1	 26.1 	  76.6	 62.6	 35.2 	 74.2 	 41.2
C000030|AE000657|Aquificota|Aquifex.trna1              	 Gln                        	 64.7 	  87.0	 92.9	 50.3 	 65.5	 87.2	 33.7	 64.8 	 78.1	 79.2 	  82.5	  69.3	  80.8	 78.5 	  77.6	  79.0	 -11.4	 33.7 	  72.9	 86.0	 49.6 	 72.8 	 34.6
C000031|AE000657|Aquificota|Aquifex.trna1              	 Leu                        	 46.3 	  64.8	 31.8	 34.7 	 64.9	 54.4	 36.1	 54.6 	 67.8	 49.5 	  61.8	 117.4	  49.3	 49.4 	  51.8	  43.1	 6.6  	 65.6 	  59.6	 63.5	 78.9 	 24.2 	 10.9
C000032|AE000657|Aquificota|Aquifex.trna1              	 Leu                        	 44.2 	  63.6	 29.9	 33.0 	 63.7	 53.8	 34.8	 54.0 	 66.8	 49.2 	  61.3	 116.1	  48.1	 49.5 	  50.9	  42.4	 3.2  	 65.3 	  58.7	 64.3	 77.1 	 22.8 	 10.5
C000033|AE000657|Aquificota|Aquifex.trna1              	 Ile2                       	 79.1 	  86.0	 75.7	 51.1 	 57.3	 60.8	 36.5	 69.4 	 62.9	 87.4 	  87.6	  66.1	  87.1	 74.0 	  81.1	  66.0	 -8.2 	 30.5 	  76.8	 75.6	 50.8 	 82.4 	 13.1
C000034|AE000657|Aquificota|Aquifex.trna1              	 Leu                        	 39.4 	  59.6	 27.1	 20.8 	 69.2	 49.0	 34.4	 51.9 	 51.3	 44.3 	  53.2	 111.1	  47.9	 58.4 	  53.4	  25.5	 -1.9 	 53.7 	  60.1	 53.4	 74.7 	 16.8 	 3.6
C000035|AE000657|Aquificota|Aquifex.trna1              	 Ser                        	 37.7 	  53.2	 -999	 43.0 	 70.5	 45.0	 41.3	 37.9 	 38.0	 45.6 	  47.7	  58.0	  16.6	 38.2 	  52.5	  37.5	 1.6  	 115.5	  49.6	 45.9	 89.1 	 -999 	 15.1
C000036|AE000657|Aquificota|Aquifex.trna1              	 Arg                        	 63.0 	  83.8	 50.7	 59.7 	 54.2	 51.8	 49.8	 60.5 	 76.2	 79.5 	  80.4	  53.4	  70.4	 72.8 	  73.9	  71.2	 -999 	 17.2 	  65.2	 55.7	 20.7 	 73.4 	 19.6
C000037|AE000657|Aquificota|Aquifex.trna1              	 Leu                        	 47.0 	  56.4	 28.2	 28.4 	 69.3	 50.7	 27.4	 51.0 	 54.5	 47.8 	  68.4	 106.6	  50.1	 55.8 	  52.7	  32.1	 24.7 	 71.8 	  51.9	 60.3	 83.6 	 22.5 	 9.2
C000038|AE000657|Aquificota|Aquifex.trna1              	 Ile                        	 82.3 	  87.8	 71.9	 59.3 	 58.8	 51.4	 51.9	 70.2 	 60.8	 96.7 	  88.9	  46.7	  82.3	 81.4 	  80.4	  70.9	 -999 	 22.0 	  75.0	 62.2	 34.2 	 87.5 	 7.5
C000039|AE000657|Aquificota|Aquifex.trna1              	 Ala                        	 106.9	  79.3	 67.9	 60.4 	 47.1	 66.1	 49.1	 75.3 	 72.1	 81.7 	  61.8	  46.4	  83.4	 69.9 	  80.5	  86.9	 -999 	 43.6 	  85.3	 66.9	 37.5 	 97.3 	 37.5
C000040|AE000657|Aquificota|Aquifex.trna1              	 Phe                        	 76.8 	  79.9	 81.1	 60.6 	 75.8	 53.9	 45.6	 59.0 	 55.3	 82.6 	  88.6	  55.9	  81.0	 89.2 	  95.9	  70.8	 -13.0	 30.0 	  77.5	 49.4	 48.1 	 87.5 	 25.1
C000041|AE000657|Aquificota|Aquifex.trna1              	 Arg                        	 74.8 	  97.2	 63.6	 68.1 	 64.5	 52.3	 58.6	 71.3 	 80.3	 94.0 	  78.8	  60.4	  86.5	 86.2 	  80.2	  70.9	 -999 	 26.3 	  78.3	 63.9	 36.1 	 80.7 	 26.6
C000042|AE000657|Aquificota|Aquifex.trna1              	 Thr                        	 85.1 	  85.2	 67.9	 46.4 	 73.9	 61.2	 57.7	 90.6 	 73.7	 78.3 	  59.7	  52.7	  77.6	 85.2 	  77.8	  74.1	 -999 	 38.4 	  91.6	 73.2	 35.1 	 72.1 	 48.1
C000043|AE000657|Aquificota|Aquifex.trna1              	 Gly                        	 82.1 	  76.9	 58.3	 73.7 	 62.2	 44.0	 43.0	 94.0 	 72.2	 67.1 	  62.1	  44.5	  72.9	 69.8 	  74.6	  72.4	 -999 	 32.9 	  84.4	 64.4	 28.5 	 89.7 	 35.7
C000044|CP000474|Actinomycetota|Paenarthrobacter.trna1 	 Ile                        	 77.1 	  82.3	 72.3	 49.8 	 56.3	 55.8	 48.1	 70.2 	 69.3	 98.1 	  85.7	  46.8	  77.6	 81.4 	  70.8	  79.6	 -999 	 25.6 	  76.7	 56.2	 39.8 	 85.7 	 22.3
C000045|CP000474|Actinomycetota|Paenarthrobacter.trna1 	 Ala                        	 97.3 	  78.2	 58.3	 57.7 	 61.3	 67.9	 51.0	 81.6 	 69.5	 66.4 	  55.7	  69.0	  79.5	 66.6 	  75.4	  81.6	 -12.8	 46.0 	  85.7	 66.8	 38.7 	 85.0 	 43.2
C000046|CP000474|Actinomycetota|Paenarthrobacter.trna1 	 Leu                        	 23.8 	  48.5	 8.4 	 0.4  	 47.4	 47.3	 36.6	 37.5 	 53.7	 33.4 	  26.6	  95.8	  32.7	 6.0  	  33.3	  33.7	 -999 	 52.4 	  34.9	 39.7	 50.6 	 18.8 	 7.1
C000047|CP000474|Actinomycetota|Paenarthrobacter.trna1 	 Lys                        	 71.6 	  80.3	 85.4	 52.4 	 62.5	 59.0	 52.4	 65.5 	 73.0	 79.4 	  91.1	  43.6	  92.9	 70.0 	  92.0	  61.5	 -11.5	 26.4 	  76.2	 75.4	 27.5 	 81.5 	 14.5
C000048|CP000474|Actinomycetota|Paenarthrobacter.trna1 	 Glu                        	 40.0 	  65.0	 29.1	 42.4 	 50.2	 61.2	 98.6	 43.6 	 40.9	 44.2 	  38.2	  42.0	  45.2	 42.0 	  45.9	  24.5	 -999 	 30.2 	  45.8	 40.9	 31.1 	 31.8 	 -999
C000049|CP000474|Actinomycetota|Paenarthrobacter.trna1 	 Asp                        	 70.8 	  87.9	 49.8	 103.3	 68.0	 54.8	 75.4	 55.8 	 73.4	 84.8 	  67.7	  56.7	  67.7	 67.7 	  69.9	  69.3	 -999 	 21.5 	  78.0	 50.7	 33.2 	 77.0 	 33.0
C000050|CP000474|Actinomycetota|Paenarthrobacter.trna1 	 Ser                        	 31.3 	  37.0	 -999	 31.0 	 49.8	 39.8	 49.8	 23.4 	 27.3	 25.6 	  27.2	  43.8	  34.6	 30.1 	  32.4	   6.0	 -999 	 87.2 	  36.5	 34.4	 62.8 	 14.6 	 -999
C000051|CP000474|Actinomycetota|Paenarthrobacter.trna1 	 Thr                        	 82.8 	  87.1	 76.9	 67.9 	 74.3	 51.9	 61.3	 83.8 	 62.1	 70.4 	  78.1	  49.9	  84.8	 69.2 	  85.6	  63.7	 -999 	 28.4 	  90.2	 63.4	 38.8 	 89.6 	 14.9
C000052|CP000474|Actinomycetota|Paenarthrobacter.trna1 	 Leu                        	 57.1 	  70.0	 75.8	 37.3 	 58.9	 65.6	 42.1	 52.6 	 66.8	 47.3 	  78.2	  81.1	  82.9	 63.6 	  79.7	  37.0	 -13.3	 26.5 	  68.5	 68.4	 44.4 	 57.6 	 1.9
C000053|CP000474|Actinomycetota|Paenarthrobacter.trna1 	 Gln                        	 -2.1 	  45.8	 28.1	 -3.9 	 44.1	 60.1	 44.2	 31.9 	 31.1	 4.4  	  36.8	  46.5	  28.9	 -0.6 	  32.1	  21.9	 -999 	 11.2 	  35.4	 39.7	 2.2  	 2.6  	 -999
C000054|CP000474|Actinomycetota|Paenarthrobacter.trna1 	 Asn                        	 45.1 	  79.7	 93.2	 26.4 	 56.1	 63.6	 28.5	 47.8 	 58.3	 77.3 	  71.8	  51.5	  76.2	 70.2 	  70.1	  46.9	 -999 	 -999 	  70.8	 66.3	 13.4 	 71.1 	 8.2
C000055|CP000474|Actinomycetota|Paenarthrobacter.trna1 	 Asn                        	 45.1 	  79.7	 93.2	 26.4 	 56.1	 63.6	 28.5	 47.8 	 58.3	 77.3 	  71.8	  51.5	  76.2	 70.2 	  70.1	  46.9	 -999 	 -999 	  70.8	 66.3	 13.4 	 71.1 	 8.2
C000056|CP000474|Actinomycetota|Paenarthrobacter.trna1 	 Ile2                       	 75.6 	  75.8	 66.2	 35.7 	 54.7	 51.5	 43.3	 55.5 	 67.7	 86.6 	  88.1	  46.6	  69.9	 83.2 	  70.4	  54.7	 -999 	 16.8 	  67.3	 65.9	 27.0 	 56.7 	 11.9
C000057|CP000474|Actinomycetota|Paenarthrobacter.trna1 	 Pro                        	 82.3 	  80.7	 57.6	 43.4 	 52.6	 70.8	 35.8	 64.1 	 81.7	 72.5 	  72.7	  57.2	  76.5	 65.7 	  76.1	 115.5	 -999 	 31.1 	  63.9	 56.9	 32.5 	 70.5 	 37.9
C000058|CP000474|Actinomycetota|Paenarthrobacter.trna1 	 Val                        	 81.2 	  78.9	 62.7	 46.8 	 64.2	 59.9	 45.0	 70.7 	 61.3	 75.7 	  61.2	  49.4	  76.0	 67.7 	  72.5	  82.0	 -999 	 32.7 	  74.7	 45.8	 41.2 	 94.7 	 25.1
C000059|CP000474|Actinomycetota|Paenarthrobacter.trna1 	 Leu                        	 30.8 	  53.9	 29.7	 17.1 	 60.1	 49.6	 45.0	 41.0 	 55.3	 43.9 	  52.2	 104.2	  49.3	 42.6 	  44.8	  21.7	 -999 	 44.5 	  51.9	 49.3	 54.4 	 25.7 	 -999
C000060|CP000474|Actinomycetota|Paenarthrobacter.trna1 	 Gly                        	 52.2 	  70.1	 28.0	 53.7 	 83.0	 54.0	 47.5	 92.1 	 68.7	 51.5 	  63.8	  56.2	  58.0	 43.9 	  55.9	  59.8	 19.3 	 53.2 	  71.7	 74.1	 56.2 	 58.2 	 -3.1
C000061|CP000474|Actinomycetota|Paenarthrobacter.trna1 	 His                        	 74.4 	  71.4	 50.4	 58.9 	 37.0	 45.3	 28.7	 65.2 	 91.2	 65.6 	  54.3	  45.2	  60.5	 59.3 	  64.9	  80.4	 -999 	 10.7 	  78.1	 38.2	 6.9  	 76.6 	 26.7
C000062|CP000474|Actinomycetota|Paenarthrobacter.trna1 	 Lys                        	 76.8 	  82.9	 87.4	 46.9 	 58.6	 54.5	 42.3	 70.8 	 59.8	 74.1 	  87.3	  65.3	 100.8	 69.1 	  82.5	  54.2	 -999 	 20.1 	  83.7	 73.5	 33.7 	 73.6 	 9.0
C000063|CP000474|Actinomycetota|Paenarthrobacter.trna1 	 Lys                        	 76.8 	  82.9	 87.4	 46.9 	 58.6	 54.5	 42.3	 70.8 	 59.8	 74.1 	  87.3	  65.3	 100.8	 69.1 	  82.5	  54.2	 -999 	 20.1 	  83.7	 73.5	 33.7 	 73.6 	 9.0
C000064|CP000474|Actinomycetota|Paenarthrobacter.trna1 	 Leu                        	 18.8 	  45.8	 1.0 	 9.1  	 35.8	 42.3	 30.6	 28.4 	 64.9	 37.1 	  22.5	 102.5	  29.6	 20.2 	  33.2	  35.5	 -999 	 32.9 	  35.9	 26.6	 26.8 	 26.1 	 -999
C000065|CP000474|Actinomycetota|Paenarthrobacter.trna1 	 Arg                        	 66.3 	  84.7	 44.9	 58.6 	 53.1	 40.8	 55.0	 61.3 	 64.7	 73.1 	  64.6	  43.9	  64.4	 53.4 	  68.4	  64.0	 -999 	 22.1 	  74.2	 44.5	 32.1 	 66.8 	 20.4
C000066|CP000474|Actinomycetota|Paenarthrobacter.trna1 	 Pro                        	 81.9 	  80.0	 52.4	 43.7 	 51.0	 63.7	 39.7	 73.8 	 75.1	 82.9 	  58.6	  56.7	  67.6	 71.9 	  70.6	 117.4	 -11.4	 35.6 	  77.2	 47.5	 39.1 	 77.6 	 36.8
C000067|CP000474|Actinomycetota|Paenarthrobacter.trna1 	 Gly                        	 64.5 	  75.0	 36.6	 46.7 	 71.9	 41.2	 35.9	 97.4 	 63.9	 58.1 	  45.0	  64.0	  59.7	 56.5 	  61.8	  49.7	 -6.4 	 30.4 	  73.7	 63.8	 29.1 	 63.5 	 16.2
C000068|CP000474|Actinomycetota|Paenarthrobacter.trna1 	 Leu                        	 23.8 	  42.1	 14.0	 -2.6 	 39.3	 33.5	 30.2	 34.0 	 53.1	 31.6 	  25.6	  96.8	  30.7	 5.3  	  27.5	  21.1	 -999 	 42.7 	  31.0	 22.9	 41.6 	 21.8 	 5.6
C000069|CP000474|Actinomycetota|Paenarthrobacter.trna1 	 Tyr                        	 23.4 	  43.9	 36.8	 -999 	 55.1	 43.5	 49.3	 17.0 	 -999	 36.0 	  46.8	  51.7	  51.1	 48.4 	  50.4	  32.9	 -999 	 66.0 	  51.5	 42.6	 99.5 	 -999 	 3.3
C000070|CP000474|Actinomycetota|Paenarthrobacter.trna1 	 Met                        	 64.9 	  62.2	 72.4	 42.9 	 34.4	 49.5	 41.7	 53.1 	 66.9	 86.6 	  80.0	  52.9	  66.6	 98.9 	  73.2	  57.7	 -999 	 16.5 	  75.3	 57.2	 4.9  	 74.3 	 18.9
C000071|CP000474|Actinomycetota|Paenarthrobacter.trna1 	 Trp                        	 57.0 	  75.0	 59.6	 60.2 	 63.3	 74.6	 34.6	 64.4 	 69.2	 64.9 	  68.1	  63.4	  64.7	 48.8 	  63.8	  64.5	 0.2  	 32.6 	  64.9	 90.9	 41.3 	 61.0 	 43.5
C000072|CP000474|Actinomycetota|Paenarthrobacter.trna1 	 Ala                        	 100.5	  74.6	 59.3	 48.3 	 35.5	 53.2	 57.9	 70.4 	 70.7	 76.8 	  54.2	  38.3	  70.5	 68.7 	  72.3	  77.8	 -999 	 31.9 	  79.4	 44.7	 15.6 	 90.6 	 11.8
C000073|CP000474|Actinomycetota|Paenarthrobacter.trna1 	 fMet                       	 41.7 	  65.2	 56.3	 54.1 	 51.6	 59.4	 44.6	 52.2 	 46.2	 58.5 	  63.2	  49.0	  59.8	 62.0 	  58.9	  75.6	 -999 	 28.5 	  64.0	 38.5	 36.8 	 63.5 	 117.0
C000074|CP000474|Actinomycetota|Paenarthrobacter.trna1 	 fMet                       	 41.7 	  65.2	 56.3	 54.1 	 51.6	 59.4	 44.6	 52.2 	 46.2	 58.5 	  63.2	  49.0	  59.8	 62.0 	  58.9	  75.6	 -999 	 28.5 	  64.0	 38.5	 36.8 	 63.5 	 117.0
C000075|CP000474|Actinomycetota|Paenarthrobacter.trna1 	 Gln                        	 17.3 	  30.2	 12.6	 -999 	 37.2	 82.8	 24.8	 24.0 	 49.7	 17.4 	  24.9	  37.7	  20.1	 6.5  	  18.1	  31.0	 -999 	 11.2 	  35.3	 48.2	 28.1 	 -999 	 -999
C000076|CP000474|Actinomycetota|Paenarthrobacter.trna1 	 Glu                        	 31.5 	  57.6	 12.3	 44.0 	 58.2	 51.4	 96.6	 41.4 	 25.4	 38.1 	  35.4	  37.8	  43.6	 32.2 	  41.4	  29.5	 -999 	 36.7 	  44.5	 37.4	 44.1 	 24.1 	 -999
C000077|CP000474|Actinomycetota|Paenarthrobacter.trna1 	 Val                        	 85.3 	  77.0	 62.0	 47.6 	 57.9	 48.4	 53.1	 63.8 	 62.6	 80.3 	  62.5	  39.4	  75.6	 82.2 	  84.7	  65.1	 -999 	 -999 	  70.8	 48.2	 24.6 	 99.7 	 2.5
C000078|CP000474|Actinomycetota|Paenarthrobacter.trna1 	 Arg                        	 56.1 	  83.5	 52.1	 32.3 	 49.2	 41.2	 46.5	 51.2 	 46.9	 58.9 	  82.9	  46.5	  66.2	 68.1 	  72.0	  37.0	 -15.8	 16.8 	  66.8	 59.3	 40.3 	 57.8 	 -1.1
C000079|CP000474|Actinomycetota|Paenarthrobacter.trna1 	 Pro                        	 81.2 	  79.0	 44.7	 54.8 	 47.8	 66.7	 43.9	 69.6 	 82.5	 82.9 	  58.3	  52.5	  65.2	 70.9 	  65.6	 105.0	 -999 	 36.5 	  69.0	 57.3	 41.3 	 74.0 	 27.7
C000080|CP000474|Actinomycetota|Paenarthrobacter.trna1 	 Ala                        	 105.3	  77.4	 58.4	 67.0 	 53.3	 64.3	 57.1	 66.4 	 71.8	 56.8 	  59.3	  51.8	  70.5	 67.2 	  75.1	  90.8	 -14.4	 31.2 	  81.5	 48.3	 30.1 	 90.6 	 34.8
C000081|CP000474|Actinomycetota|Paenarthrobacter.trna1 	 Ala                        	 98.9 	  71.0	 52.2	 59.2 	 46.4	 64.3	 57.1	 59.6 	 71.8	 50.7 	  53.0	  45.2	  63.5	 60.4 	  68.7	  83.9	 -999 	 25.1 	  75.2	 48.3	 23.4 	 84.0 	 27.1
C000082|CP000474|Actinomycetota|Paenarthrobacter.trna1 	 Leu                        	 23.8 	  42.1	 14.0	 -2.6 	 39.3	 33.5	 30.2	 34.0 	 53.1	 31.6 	  25.6	  96.8	  30.7	 5.3  	  27.5	  21.1	 -999 	 42.7 	  31.0	 22.9	 41.6 	 21.8 	 5.6
C000083|CP000474|Actinomycetota|Paenarthrobacter.trna1 	 Gly                        	 84.5 	  85.7	 52.6	 67.7 	 64.0	 50.2	 52.6	 100.8	 80.2	 71.1 	  51.9	  56.5	  73.9	 79.1 	  76.7	  77.7	 -999 	 37.6 	  87.2	 67.7	 30.9 	 87.7 	 33.4
C000084|CP000474|Actinomycetota|Paenarthrobacter.trna1 	 Cys                        	 40.1 	  43.6	 30.0	 36.2 	 87.1	 49.4	 57.1	 48.5 	 48.5	 32.7 	  53.1	  46.5	  46.6	 46.2 	  53.5	  24.1	 -999 	 67.8 	  51.1	 49.7	 61.8 	 31.7 	 12.7
C000085|CP000474|Actinomycetota|Paenarthrobacter.trna1 	 Val                        	 86.0 	  81.9	 61.1	 55.5 	 64.7	 53.2	 45.8	 71.0 	 54.5	 75.7 	  59.0	  49.2	  74.1	 64.2 	  74.6	  77.7	 -999 	 30.3 	  77.2	 50.1	 38.5 	 95.6 	 24.9
C000086|CP000474|Actinomycetota|Paenarthrobacter.trna1 	 Gly                        	 84.5 	  85.7	 52.6	 67.7 	 64.0	 50.2	 52.6	 100.8	 80.2	 71.1 	  51.9	  56.5	  73.9	 79.1 	  76.7	  77.7	 -999 	 37.6 	  87.2	 67.7	 30.9 	 87.7 	 33.4
C000087|CP000474|Actinomycetota|Paenarthrobacter.trna1 	 Val                        	 86.0 	  81.9	 61.1	 55.5 	 64.7	 53.2	 45.8	 71.0 	 54.5	 75.7 	  59.0	  49.2	  74.1	 64.2 	  74.6	  77.7	 -999 	 30.3 	  77.2	 50.1	 38.5 	 95.6 	 24.9
C000088|CP000474|Actinomycetota|Paenarthrobacter.trna1 	 Gly                        	 90.8 	  92.1	 58.8	 75.5 	 70.9	 50.2	 52.6	 107.6	 80.2	 77.1 	  58.2	  63.1	  80.9	 85.8 	  83.1	  84.6	 -999 	 43.7 	  93.5	 67.7	 37.6 	 94.3 	 33.4
C000089|CP000474|Actinomycetota|Paenarthrobacter.trna1 	 Arg                        	 57.4 	  81.2	 52.4	 45.5 	 64.9	 46.2	 37.5	 67.3 	 61.0	 70.9 	  72.6	  46.2	  61.1	 62.1 	  77.2	  48.4	 -999 	 19.0 	  69.2	 54.0	 29.1 	 75.8 	 4.4
C000090|CP000474|Actinomycetota|Paenarthrobacter.trna1 	 Thr                        	 75.8 	  72.3	 72.7	 33.9 	 54.4	 31.3	 50.6	 67.0 	 57.1	 70.5 	  63.1	  33.1	  77.4	 70.7 	  81.0	  47.6	 -999 	 -999 	  89.1	 53.7	 -999 	 79.1 	 15.5
C000091|CP000474|Actinomycetota|Paenarthrobacter.trna1 	 Ser                        	 1.2  	  37.6	 -999	 16.2 	 53.2	 12.8	 43.1	 18.1 	 30.4	 30.8 	  46.0	  42.3	  22.2	 -2.6 	  23.5	   9.6	 -0.6 	 100.9	  31.6	 39.7	 62.3 	 19.2 	 -999
C000092|CP000474|Actinomycetota|Paenarthrobacter.trna1 	 Ser                        	 7.7  	  40.9	 23.6	 15.9 	 51.6	 28.1	 43.7	 23.2 	 25.5	 31.5 	  29.6	  47.0	  27.6	 26.0 	  33.7	  33.4	 -999 	 98.5 	  43.3	 27.8	 66.9 	 6.0  	 -2.5
C000093|CP000474|Actinomycetota|Paenarthrobacter.trna1 	 Arg                        	 85.3 	  92.2	 54.3	 50.2 	 45.1	 49.8	 52.3	 55.2 	 68.7	 72.7 	  74.9	  45.8	  74.0	 60.1 	  81.6	  71.4	 -999 	 23.0 	  76.7	 68.1	 33.7 	 85.6 	 30.5
C000094|CP000474|Actinomycetota|Paenarthrobacter.trna1 	 Ser                        	 -1.5 	  40.4	 7.0 	 20.5 	 61.8	 28.9	 44.3	 22.5 	 22.0	 24.5 	  35.8	  58.2	  17.9	 42.0 	  23.4	  29.0	 -6.6 	 96.0 	  34.3	 34.2	 56.2 	 4.2  	 4.4
C000095|CP000474|Actinomycetota|Paenarthrobacter.trna1 	 Cys                        	 17.1 	  27.1	 4.8 	 4.2  	 65.6	 46.7	 35.1	 27.2 	 34.8	 12.8 	  27.4	  25.5	  35.0	 23.6 	  39.2	  35.8	 -999 	 43.6 	  35.5	 32.2	 48.5 	 5.5  	 3.7
C000096|CP000512|Betaproteobacteria|Paracidovorax.trna1	 Arg                        	 77.7 	  93.5	 60.2	 63.8 	 62.3	 44.2	 48.2	 80.4 	 71.7	 79.8 	  81.0	  51.3	  80.0	 72.0 	  78.3	  68.0	 -999 	 29.8 	  76.3	 70.5	 31.4 	 87.9 	 24.6
C000097|CP000512|Betaproteobacteria|Paracidovorax.trna1	 fMet                       	 40.4 	  66.3	 54.2	 36.5 	 49.9	 57.7	 44.1	 38.8 	 29.8	 58.2 	  67.2	  44.2	  63.8	 62.8 	  66.3	  77.1	 -999 	 19.8 	  57.3	 37.0	 37.9 	 61.5 	 118.5
C000098|CP000512|Betaproteobacteria|Paracidovorax.trna1	 Met                        	 76.5 	  76.3	 78.5	 17.6 	 58.9	 48.7	 51.8	 45.0 	 53.4	 75.3 	  82.5	  37.5	  76.8	 97.5 	  87.3	  61.5	 -999 	 23.8 	  85.0	 57.1	 44.4 	 69.9 	 27.3
C000099|CP000512|Betaproteobacteria|Paracidovorax.trna1	 Leu                        	 23.1 	  54.6	 9.2 	 21.4 	 43.4	 32.2	 40.0	 42.6 	 42.4	 33.5 	  33.4	 105.4	  30.8	 34.6 	  33.4	  33.1	 -999 	 31.7 	  42.1	 11.5	 19.5 	 9.1  	 -2.2
C000100|CP000512|Betaproteobacteria|Paracidovorax.trna1	 Ile                        	 78.6 	  87.7	 57.7	 48.9 	 56.3	 41.1	 36.7	 68.3 	 59.7	 100.3	  72.3	  53.0	  74.6	 88.3 	  75.1	  74.9	 -999 	 25.7 	  71.2	 45.5	 23.1 	 98.3 	 5.8
